0 -0.434008234413340688
0.100000000000000006 0.35849692421531032
0.200000000000000011 -0.294237035651508438
0.300000000000000044 -0.18619434437054283
0.400000000000000022 0.210560819026067492
0.5 0.192912189397754563
0.599999999999999978 0.37109586306921738
0.699999999999999956 -0.375451782687347579
0.799999999999999933 0.487773923747748472
0.899999999999999911 0.300328103205782904
0.999999999999999889 -0.00256245271029553051
1.09999999999999987 -0.0458409297101767393
1.19999999999999996 0.098932497253398477
1.30000000000000004 0.132651754699776747
1.40000000000000013 -0.18194891606047095
1.50000000000000022 0.0842899142900204179
1.60000000000000031 0.275646270149767392
1.7000000000000004 0.211329019243549632
1.80000000000000049 0.503765186098287021
1.90000000000000058 -0.0663331114500686908
2.00000000000000044 -0.318982126217210227
2.10000000000000053 0.445765473908562193
2.20000000000000062 -0.182423231378333606
2.30000000000000071 -0.356398669886086372
2.4000000000000008 -0.100305386335982183
2.50000000000000089 0.39608324847953108
2.60000000000000098 -0.00906681082065330379
2.70000000000000107 -0.228101032642356261
2.80000000000000115 -0.030087572066178514
2.90000000000000124 -0.254161188688669992
3.00000000000000133 0.149819173960101748
3.10000000000000142 -0.264207452003727195
3.20000000000000151 0.160657030127805411
3.3000000000000016 0.000326689309232019998
3.40000000000000169 -0.131226572678209641
3.50000000000000178 -0.10547709913954878
3.60000000000000187 -0.0529327644644848605
3.70000000000000195 0.17609412132731217
3.80000000000000204 0.680959924686837748
3.90000000000000213 0.412193430746641054
4.00000000000000178 -0.112794529536294597
4.10000000000000142 -0.00270835569683075539
4.20000000000000107 0.122418888007284787
4.30000000000000071 0.791523045671744141
4.40000000000000036 0.853320463740177226
4.5 0.864484611470984321
4.59999999999999964 0.63862244314746186
4.69999999999999929 0.719122515886170266
4.79999999999999893 0.820727119818405848
4.89999999999999858 0.61155064201925935
4.99999999999999822 0.431459958556780987
5.09999999999999787 0.612919264024013644
5.19999999999999751 0.167428572867824643
5.29999999999999716 0.816288001584327461
5.3999999999999968 1.07477806462998116
5.49999999999999645 1.01235558579394258
5.59999999999999609 0.187605421259662952
5.69999999999999574 1.18035991299583909
5.79999999999999538 0.476600353177367042
5.89999999999999503 0.701985300639689225
5.99999999999999467 1.27209714188359069
6.09999999999999432 1.24419979671586756
6.19999999999999396 0.516151756453082089
6.2999999999999936 1.20909383182460561
6.39999999999999325 0.959000683756073835
6.49999999999999289 0.452502440438987685
6.59999999999999254 0.433812605215239899
6.69999999999999218 1.06596671542058319
6.79999999999999183 0.80751124040722766
6.89999999999999147 1.33592609734661472
6.99999999999999112 0.80212736531771256
7.09999999999999076 0.977431537707662557
7.19999999999999041 0.798130200559028946
7.29999999999999005 1.32463051253501196
7.3999999999999897 0.655993052359535422
7.49999999999998934 0.784298300516850011
7.59999999999998899 0.712365276633970312
7.69999999999998863 1.45927587716262086
7.79999999999998828 1.11015232394416263
7.89999999999998792 0.863323214074959155
7.99999999999998757 1.69504781065956278
8.09999999999998721 1.01510770988870958
8.19999999999998686 1.54211624912716094
8.2999999999999865 1.35432091693666257
8.39999999999998614 0.952392257160466826
8.49999999999998579 1.80475266520172095
8.59999999999998543 1.1686417546573229
8.69999999999998508 1.35505012261532976
8.79999999999998472 1.28892284265642965
8.89999999999998437 1.67535026826209199
8.99999999999998401 1.59388874764256294
9.09999999999998366 1.97449769255060659
9.1999999999999833 1.93639240141056357
9.29999999999998295 1.46564557591065836
9.39999999999998259 1.65738191429828707
9.49999999999998224 1.88518613507699673
9.59999999999998188 1.87781838709879545
9.69999999999998153 1.438667763520038
9.79999999999998117 1.65990219446218035
9.89999999999998082 1.76512953008393225
9.99999999999998046 1.61976106009750676
10.0999999999999801 1.95561963739252964
10.1999999999999798 1.79543293158546313
10.2999999999999794 1.77006287908388837
10.399999999999979 2.11596885011241032
10.4999999999999787 1.90660307243406058
10.5999999999999783 2.36728569793661681
10.699999999999978 1.92656988043099853
10.7999999999999776 2.29551589389756661
10.8999999999999773 2.16380537485951274
10.9999999999999769 2.11653079477932859
11.0999999999999766 2.08673412945832126
11.1999999999999762 2.39855674783906991
11.2999999999999758 2.07277156971032417
11.3999999999999755 2.74085742731189663
11.4999999999999751 2.83493874332733009
11.5999999999999748 2.07282327520329934
11.6999999999999744 2.74738761299056344
11.7999999999999741 2.4319885541805788
11.8999999999999737 2.48743941040837635
11.9999999999999734 2.93398870787471999
12.099999999999973 2.68419952825267805
12.1999999999999726 3.00977541140428295
12.2999999999999723 3.07533586403569714
12.3999999999999719 3.04302388243296251
12.4999999999999716 2.96169346748878226
12.5999999999999712 2.98109671057257586
12.6999999999999709 2.95156678050503318
12.7999999999999705 2.50367065044331527
12.8999999999999702 3.04016169620766075
12.9999999999999698 2.6016875112032043
13.0999999999999694 3.41255310120604571
13.1999999999999691 3.13315746285878216
13.2999999999999687 2.92777950260157649
13.3999999999999684 2.76902276716913054
13.499999999999968 3.47511477880541708
13.5999999999999677 2.90928212845544776
13.6999999999999673 3.22851803073046062
13.799999999999967 3.32438054712846265
13.8999999999999666 2.69928594741979566
13.9999999999999662 3.64698674624606189
14.0999999999999659 3.33751803767411381
14.1999999999999655 3.09220992891360114
14.2999999999999652 3.69765351674055909
14.3999999999999648 3.10754981183944157
14.4999999999999645 3.79954957462561227
14.5999999999999641 3.73492856785835237
14.6999999999999638 3.72184419009468614
14.7999999999999634 3.49352049773548501
14.899999999999963 3.59618259192118295
14.9999999999999627 3.25127493906372411
15.0999999999999623 3.4667849064478542
15.199999999999962 4.03252010756728474
15.2999999999999616 3.87729346802337682
15.3999999999999613 3.69634025362451979
15.4999999999999609 3.98336170637714604
15.5999999999999606 4.10303570432296105
15.6999999999999602 3.40253246249535213
15.7999999999999598 3.45140504885972277
15.8999999999999595 4.34010202206149476
15.9999999999999591 4.10533091260043292
16.0999999999999588 3.70837709302455787
16.1999999999999602 4.1217054526099739
16.2999999999999616 4.42450539135814491
16.3999999999999631 4.03059889496835755
16.4999999999999645 3.76639643657394352
16.5999999999999659 3.89025412168514162
16.6999999999999673 4.02464759605296862
16.7999999999999687 4.43148250252587506
16.8999999999999702 4.64835135475809391
16.9999999999999716 3.90584085456411145
17.099999999999973 4.08168322439145115
17.1999999999999744 4.24708659977260972
17.2999999999999758 4.46375564356035781
17.3999999999999773 4.03333787846741298
17.4999999999999787 4.75387165801547784
17.5999999999999801 4.6856075639185466
17.6999999999999815 4.58552310752501402
17.7999999999999829 4.04443481094115409
17.8999999999999844 4.68275148344876246
17.9999999999999858 4.11770495878095488
18.0999999999999872 4.92932555857594679
18.1999999999999886 4.07692829610795116
18.2999999999999901 4.60208832829080983
18.3999999999999915 4.68374038343240162
18.4999999999999929 4.80228673962997554
18.5999999999999943 4.94069131575710418
18.6999999999999957 5.18022112229568954
18.7999999999999972 5.06800849578012524
18.8999999999999986 4.58663717318907604
19 4.59844717546213566
19.1000000000000014 4.73643178352761129
19.2000000000000028 4.64308521127259155
19.3000000000000043 5.27395493511108349
19.4000000000000057 4.89947316592904158
19.5000000000000071 5.22196332980033606
19.6000000000000085 4.93741807694390555
19.7000000000000099 4.61561735377317017
19.8000000000000114 5.39435889979310002
19.9000000000000128 4.60631141562180879
20.0000000000000142 5.1292838210209597
20.1000000000000156 5.4050886348563969
20.2000000000000171 4.80894432409594152
20.3000000000000185 5.55941429487904237
20.4000000000000199 5.02023807833163982
20.5000000000000213 5.15766841199295101
20.6000000000000227 5.50556240868769731
20.7000000000000242 5.07036620951126782
20.8000000000000256 5.69118229176523638
20.900000000000027 5.20332622353026686
21.0000000000000284 5.00971151081147781
21.1000000000000298 5.39327920443157716
21.2000000000000313 5.79417279004825492
21.3000000000000327 4.95824691567816966
21.4000000000000341 5.43028241613917295
21.5000000000000355 5.46091836896889049
21.6000000000000369 5.18309704211020961
21.7000000000000384 5.89071197231632837
21.8000000000000398 5.35146505653856597
21.9000000000000412 5.6567355051128736
22.0000000000000426 5.33634208832465173
22.1000000000000441 5.44694177174984695
22.2000000000000455 5.52445990486208594
22.3000000000000469 5.5859262228546056
22.4000000000000483 5.77458014892064408
22.5000000000000497 5.95252377071057737
22.6000000000000512 5.43711904705712801
22.7000000000000526 6.23613546292520837
22.800000000000054 5.42679640986913725
22.9000000000000554 6.25505161591081649
23.0000000000000568 5.58964193190676806
23.1000000000000583 5.66843644724339768
23.2000000000000597 5.64768398655729342
23.3000000000000611 5.62360018346445223
23.4000000000000625 6.05445079871790437
23.5000000000000639 6.12920805739091001
23.6000000000000654 6.33953106557160151
23.7000000000000668 6.17066154649827769
23.8000000000000682 5.64837078328138009
23.9000000000000696 6.223535641442143
24.0000000000000711 6.38172522491784466
24.1000000000000725 5.81216687128319442
24.2000000000000739 5.79523970243542852
24.3000000000000753 6.54076024948093782
24.4000000000000767 6.32099993301240737
24.5000000000000782 6.53121924222131245
24.6000000000000796 5.90707251756991969
24.700000000000081 5.87280129814341567
24.8000000000000824 6.02554822678521074
24.9000000000000838 6.4611624160305805
25.0000000000000853 5.86190547741434909
25.1000000000000867 5.9158776645310498
25.2000000000000881 5.75612856923967797
25.3000000000000895 6.05361050547351098
25.400000000000091 5.90644494045725388
25.5000000000000924 6.0962522098427705
25.6000000000000938 5.85728788681957369
25.7000000000000952 6.34706359298085232
25.8000000000000966 6.06164587734887395
25.9000000000000981 5.91062473307882286
26.0000000000000995 6.02182678693630979
26.1000000000001009 6.10173427452465322
26.2000000000001023 6.85934505364232106
26.3000000000001037 5.92179835517241848
26.4000000000001052 6.83163195601350637
26.5000000000001066 6.31621013409817778
26.600000000000108 5.98807389323133332
26.7000000000001094 6.30024433390784999
26.8000000000001108 6.02800073840801165
26.9000000000001123 6.39157714916241293
27.0000000000001137 6.17617602284486189
27.1000000000001151 6.55219030998577878
27.2000000000001165 6.71458289656852081
27.300000000000118 6.95862902742066325
27.4000000000001194 6.39035449796031507
27.5000000000001208 6.82485698459779577
27.6000000000001222 6.44606455279414181
27.7000000000001236 6.13378747528380952
27.8000000000001251 6.17777371049820001
27.9000000000001265 6.9294682288731444
28.0000000000001279 6.90571931295589803
28.1000000000001293 6.71935839838929461
28.2000000000001307 6.72984097866127673
28.3000000000001322 6.97265962556073404
28.4000000000001336 6.62495157254426736
28.500000000000135 6.61374903453684304
28.6000000000001364 6.99579281928111385
28.7000000000001378 6.23691044330915201
28.8000000000001393 6.9479570054052715
28.9000000000001407 6.44727101940322367
29.0000000000001421 6.92421090303409414
29.1000000000001435 6.70062404390646815
29.200000000000145 7.19462523552660116
29.3000000000001464 7.20915438539718867
29.4000000000001478 6.66059269288762845
29.5000000000001492 6.3384817228401511
29.6000000000001506 6.72480969223362646
29.7000000000001521 6.38139749401393708
29.8000000000001535 6.27910176613539139
29.9000000000001549 7.09269498353535699
30.0000000000001563 6.35708964915297248
30.1000000000001577 6.84507790204616828
30.2000000000001592 6.37662282037800487
30.3000000000001606 7.15578124562733198
30.400000000000162 6.3451494472986969
30.5000000000001634 6.57474916200602877
30.6000000000001648 6.60724636380268127
30.7000000000001663 6.95548798762064724
30.8000000000001677 6.86489990263293048
30.9000000000001691 6.88654855710892289
31.0000000000001705 6.98530809011191955
31.100000000000172 6.98249032428441119
31.2000000000001734 6.71546689844919076
31.3000000000001748 6.75564077116643613
31.4000000000001762 6.5351079384474744
31.5000000000001776 6.35148701912866009
31.6000000000001791 6.68717216292248473
31.7000000000001805 6.46862249373138098
31.8000000000001819 6.6154338386514917
31.9000000000001833 6.7363199323026528
32.0000000000001847 6.79963123216576104
32.1000000000001862 6.62651296083330976
32.2000000000001876 6.99701514220191978
32.300000000000189 7.06974190425092974
32.4000000000001904 6.36309359912727857
32.5000000000001918 7.26395543163777457
32.6000000000001933 6.52103073915414111
32.7000000000001947 7.14845807545771184
32.8000000000001961 6.56615004865807883
32.9000000000001975 6.6002546013570873
33.000000000000199 6.91679686141514427
33.1000000000002004 7.0340656426045145
33.2000000000002018 7.04293217907296754
33.3000000000002032 6.68787495073449989
33.4000000000002046 7.10675957267063474
33.5000000000002061 6.89051705145980886
33.6000000000002075 6.62292911052226074
33.7000000000002089 6.97402503241745198
33.8000000000002103 7.0769169452790992
33.9000000000002117 6.64873162681312824
34.0000000000002132 7.21654638048502761
34.1000000000002146 6.54095269452895245
34.200000000000216 7.14079592444021038
34.3000000000002174 6.63898063975925456
34.4000000000002188 6.53953202668772704
34.5000000000002203 6.54057624173921148
34.6000000000002217 7.17510887993789037
34.7000000000002231 7.08167081263104148
34.8000000000002245 7.12939485774498749
34.900000000000226 7.08907653413245686
35.0000000000002274 7.15521484575112066
35.1000000000002288 7.07715126187205534
35.2000000000002302 6.85693991181179907
35.3000000000002316 6.63707502415627459
35.4000000000002331 7.06851044781791238
35.5000000000002345 6.48516887913252482
35.6000000000002359 6.88604610352866509
35.7000000000002373 6.5810227319330652
35.8000000000002387 7.0338755202300316
35.9000000000002402 6.83459715086417408
36.0000000000002416 6.78481105953326224
36.100000000000243 6.63142515920510789
36.2000000000002444 7.20529841012792272
36.3000000000002458 7.1540634166813355
36.4000000000002473 6.24118814280392264
36.5000000000002487 7.2035281421764692
36.6000000000002501 6.78780597155696253
36.7000000000002515 6.36409956674732236
36.800000000000253 6.58624066609178183
36.9000000000002544 6.84608964350643845
37.0000000000002558 6.2438232485375611
37.1000000000002572 6.62144117843644242
37.2000000000002586 7.07813829468979527
37.3000000000002601 6.47386248370050943
37.4000000000002615 6.51808784759292337
37.5000000000002629 6.75610009251321486
37.6000000000002643 6.65002063877795724
37.7000000000002657 6.91941301213599314
37.8000000000002672 6.85924399996931733
37.9000000000002686 6.69183542906139994
38.00000000000027 6.57485303557505762
38.1000000000002714 7.06990071795032726
38.2000000000002728 6.56624131377460696
38.3000000000002743 6.49064804338630008
38.4000000000002757 6.25039952151813516
38.5000000000002771 6.60444378101092688
38.6000000000002785 6.7376632162516028
38.70000000000028 6.41192342210455291
38.8000000000002814 7.05743799468152044
38.9000000000002828 6.09769556317612693
39.0000000000002842 6.85211008639341035
39.1000000000002856 6.12684801962624359
39.2000000000002871 6.99434256763792028
39.3000000000002885 7.0052570400473062
39.4000000000002899 6.75776207809850238
39.5000000000002913 6.97872403522469309
39.6000000000002927 6.54115811095453559
39.7000000000002942 6.79655017340279333
39.8000000000002956 6.39924663405372751
39.900000000000297 6.92980763087972651
40.0000000000002984 6.95629198750759858
40.1000000000002998 6.25077722449453255
40.2000000000003013 6.35993569052381336
40.3000000000003027 6.58529559007057497
40.4000000000003041 5.95894797778908192
40.5000000000003055 6.68159100837885944
40.600000000000307 6.04779757321631273
40.7000000000003084 6.43508541768493991
40.8000000000003098 6.50042739636968037
40.9000000000003112 6.60610108944304297
41.0000000000003126 6.10292858438120334
41.1000000000003141 6.20393388120099853
41.2000000000003155 6.07742239967241638
41.3000000000003169 6.1238409182795337
41.4000000000003183 6.35488928129466402
41.5000000000003197 5.95063899328944412
41.6000000000003212 6.79042648520152348
41.7000000000003226 6.02132091005012704
41.800000000000324 6.40797044626680368
41.9000000000003254 6.30687043597290931
42.0000000000003268 6.1003871823615512
42.1000000000003283 6.36779246447257119
42.2000000000003297 6.68251374830344336
42.3000000000003311 5.9962734264704487
42.4000000000003325 5.98672593499191663
42.500000000000334 6.11784792755241558
42.6000000000003354 6.49041209654233864
42.7000000000003368 6.52447102484505859
42.8000000000003382 5.95985017573249287
42.9000000000003396 5.98648149517328676
43.0000000000003411 6.47291468557461602
43.1000000000003425 5.6805898835625932
43.2000000000003439 6.13128259232618333
43.3000000000003453 5.61223605864915065
43.4000000000003467 6.47886173275259569
43.5000000000003482 6.2409344390608803
43.6000000000003496 6.29453258595490883
43.700000000000351 5.77406099233260051
43.8000000000003524 5.71147390757567042
43.9000000000003538 6.01543454541832823
44.0000000000003553 5.71983492169593699
44.1000000000003567 6.17750588336375639
44.2000000000003581 5.72182145323647084
44.3000000000003595 6.12749155020191694
44.400000000000361 6.11588057117610528
44.5000000000003624 6.07587520363498612
44.6000000000003638 5.57709800040021708
44.7000000000003652 6.16784781256515124
44.8000000000003666 5.96166474749221642
44.9000000000003681 5.74196892403743941
45.0000000000003695 6.28182407328092918
45.1000000000003709 5.61310466365736449
45.2000000000003723 6.16157713245670546
45.3000000000003737 5.5560340710462004
45.4000000000003752 6.28010528806906443
45.5000000000003766 5.64951380939668546
45.600000000000378 5.7268592962186391
45.7000000000003794 6.22555222569189581
45.8000000000003808 5.61707024375616282
45.9000000000003823 5.29266717565001965
46.0000000000003837 5.9365543093011981
46.1000000000003851 5.40248796495770378
46.2000000000003865 6.08761310539327116
46.300000000000388 5.44371019585464122
46.4000000000003894 6.1810735470880589
46.5000000000003908 5.71362324563200463
46.6000000000003922 5.45056587981122131
46.7000000000003936 5.27270354110732242
46.8000000000003951 5.44150568678245783
46.9000000000003965 5.96960273063834901
47.0000000000003979 5.53642538382232363
47.1000000000003993 6.06975829273845324
47.2000000000004007 6.10779289685431515
47.3000000000004022 6.06831505785602321
47.4000000000004036 5.82675990491470319
47.500000000000405 5.45456955738033589
47.6000000000004064 5.58889921898255171
47.7000000000004078 5.85823505143633128
47.8000000000004093 5.83342055444234919
47.9000000000004107 5.58497352453069684
48.0000000000004121 5.91809614249163296
48.1000000000004135 5.97735187561161929
48.200000000000415 5.35568231330595701
48.3000000000004164 5.75515296660455356
48.4000000000004178 5.30649037127354184
48.5000000000004192 5.43330813098632337
48.6000000000004206 5.44343977011189661
48.7000000000004221 5.52411618145983496
48.8000000000004235 5.34791878317868186
48.9000000000004249 5.44037489329165247
49.0000000000004263 5.64458255178906487
49.1000000000004277 5.2650743773746802
49.2000000000004292 5.32833558185177214
49.3000000000004306 5.77888769457813645
49.400000000000432 4.86467544663602869
49.5000000000004334 5.7763425004470017
49.6000000000004349 4.84281664098155318
49.7000000000004363 5.69276844681308525
49.8000000000004377 4.91706821976373121
49.9000000000004391 5.34438850437984136
50.0000000000004405 5.67330604092608848
50.100000000000442 5.0907583078430152
50.2000000000004434 5.5915601208921375
50.3000000000004448 5.39965606260920961
50.4000000000004462 5.63022979766866882
50.5000000000004476 5.56698648967440324
50.6000000000004491 4.81974408445250813
50.7000000000004505 5.65578572272445701
50.8000000000004519 4.81110178405276567
50.9000000000004533 5.50650000901959835
51.0000000000004547 5.26515562194055509
51.1000000000004562 5.37285950312486804
51.2000000000004576 5.4792468432381547
51.300000000000459 5.29137938004848074
51.4000000000004604 5.41635140645954749
51.5000000000004619 5.13529393185002814
51.6000000000004633 5.51576609431427212
51.7000000000004647 5.37306524928044471
51.8000000000004661 5.01104254938646765
51.9000000000004675 5.28500652751561262
52.000000000000469 5.14786943000101349
52.1000000000004704 4.72652097254549108
52.2000000000004718 5.36940756908860539
52.3000000000004732 4.90048072228060683
52.4000000000004746 5.40670020636161652
52.5000000000004761 4.95185613393773494
52.6000000000004775 4.96471005161255885
52.7000000000004789 4.96235422676659432
52.8000000000004803 4.51777712444695023
52.9000000000004817 5.03903600667933116
53.0000000000004832 5.30934600326236694
53.1000000000004846 5.09615583684458073
53.200000000000486 5.17717830378544619
53.3000000000004874 4.5613019558078518
53.4000000000004889 4.9844458949785917
53.5000000000004903 5.03281568219997943
53.6000000000004917 4.41659254762810516
53.7000000000004931 4.81292778259536913
53.8000000000004945 4.39115639842546557
53.900000000000496 4.67757391658173294
54.0000000000004974 4.51036279985344901
54.1000000000004988 5.15693701060301724
54.2000000000005002 4.55172681368878163
54.3000000000005016 4.42791284963719445
54.4000000000005031 5.12764679343298457
54.5000000000005045 4.59840611327057669
54.6000000000005059 5.03852518848306996
54.7000000000005073 5.13113752023030578
54.8000000000005088 4.68281989035373414
54.9000000000005102 4.34897868293665102
55.0000000000005116 4.85910912876266376
55.100000000000513 4.82222971113673538
55.2000000000005144 4.58724511289058245
55.3000000000005159 4.89821554118129754
55.4000000000005173 4.87547630062763115
55.5000000000005187 5.13260040500609005
55.6000000000005201 4.85553536611768166
55.7000000000005215 4.85740579037950226
55.800000000000523 5.08561962341215512
55.9000000000005244 5.01036568147796935
56.0000000000005258 4.26943285154491914
56.1000000000005272 4.59146380635074358
56.2000000000005286 4.84551215383982115
56.3000000000005301 5.14277105533558121
56.4000000000005315 5.05243067176241212
56.5000000000005329 4.40453717198688288
56.6000000000005343 4.85964666112738986
56.7000000000005358 4.22138925557782763
56.8000000000005372 4.75826162597330349
56.9000000000005386 4.79495055173802509
57.00000000000054 4.5182548929160351
57.1000000000005414 4.94071644528820819
57.2000000000005429 4.82637919629258327
57.3000000000005443 5.04511050683348117
57.4000000000005457 4.90933153190664395
57.5000000000005471 4.3707918821766123
57.6000000000005485 5.00755572468749754
57.70000000000055 4.16199625111288718
57.8000000000005514 4.58358784307369938
57.9000000000005528 4.09446601966800738
58.0000000000005542 4.61272278043305395
58.1000000000005556 4.93386134734051307
58.2000000000005571 4.90046001133036491
58.3000000000005585 4.24994204841023127
58.4000000000005599 4.28817871795443928
58.5000000000005613 4.61877134387419908
58.6000000000005628 4.53329716951580952
58.7000000000005642 4.36921587807156087
58.8000000000005656 4.77028842492666172
58.900000000000567 4.53060235155888602
59.0000000000005684 4.46185411657442099
59.1000000000005699 4.6530395592973921
59.2000000000005713 4.82280026050046562
59.3000000000005727 4.53812556071351736
59.4000000000005741 4.53021372579543336
59.5000000000005755 4.07303314569431851
59.600000000000577 4.30990518352257102
59.7000000000005784 4.24280269807914223
59.8000000000005798 4.3982640429805917
59.9000000000005812 4.44156999570903288
60.0000000000005826 4.10816307061749519
60.1000000000005841 4.35091742359532407
60.2000000000005855 4.46485507440679985
60.3000000000005869 4.34006051426888106
60.4000000000005883 4.31042122399765493
60.5000000000005898 4.5056676668714406
60.6000000000005912 4.09076026445027274
60.7000000000005926 4.54625933405050286
60.800000000000594 3.92485006886814425
60.9000000000005954 4.59484390321923453
61.0000000000005969 4.19956766273849524
61.1000000000005983 4.35122093624284112
61.2000000000005997 4.02222104029243521
61.3000000000006011 4.29971836911285887
61.4000000000006025 4.08462578069626225
61.500000000000604 3.90652871067083662
61.6000000000006054 4.03455165938538407
61.7000000000006068 4.40077021694285975
61.8000000000006082 4.00016913735231405
61.9000000000006096 4.49242245514639027
62.0000000000006111 4.6582427987002184
62.1000000000006125 4.10587160893088399
62.2000000000006139 4.86474849427347245
62.3000000000006153 4.3474493139136543
62.4000000000006168 4.56483313667670565
62.5000000000006182 4.41655975007247115
62.6000000000006196 4.15509077949381478
62.700000000000621 4.45026315505635228
62.8000000000006224 3.87249580101841229
62.9000000000006239 4.29801985997604952
63.0000000000006253 4.81851370030721782
63.1000000000006267 4.39419738673570848
63.2000000000006281 4.08140220086786254
63.3000000000006295 4.16840408346719737
63.400000000000631 4.78202004479261422
63.5000000000006324 4.24523621212860203
63.6000000000006338 3.92607804764951851
63.7000000000006352 3.97311133982839149
63.8000000000006366 4.38619667194247231
63.9000000000006381 4.02400932293677371
64.0000000000006395 4.34787656445173099
64.1000000000006338 3.85965311054574123
64.2000000000006281 4.82204319026638295
64.3000000000006224 4.20243503133934926
64.4000000000006168 4.54069388382030592
64.5000000000006111 4.21873016543573875
64.6000000000006054 4.39885532474315077
64.7000000000005997 4.35563684026246367
64.800000000000594 4.77305163383788944
64.9000000000005883 4.60714522702664997
65.0000000000005826 4.22128797199647732
65.100000000000577 3.85975845184154842
65.2000000000005713 4.43967171236518965
65.3000000000005656 4.81817657307104508
65.4000000000005599 4.60372294357119483
65.5000000000005542 4.27630221395369592
65.6000000000005485 4.54566824932194535
65.7000000000005429 4.11503757706786555
65.8000000000005372 4.30006639718896544
65.9000000000005315 4.81361600469956308
66.0000000000005258 4.57648175688763015
66.1000000000005201 4.39304718667456839
66.2000000000005144 4.37710095586454173
66.3000000000005088 4.00615355471645618
66.4000000000005031 4.45668046750410785
66.5000000000004974 4.7861363398921366
66.6000000000004917 4.30951751476594946
66.700000000000486 4.50213320720653964
66.8000000000004803 4.05075385956477163
66.9000000000004746 3.98331531890808233
67.000000000000469 4.6247517357043364
67.1000000000004633 4.60022011556655919
67.2000000000004576 4.40902337067719152
67.3000000000004519 4.27072704148512461
67.4000000000004462 4.17575022914181737
67.5000000000004405 3.92585687850802767
67.6000000000004348 4.71179529838887312
67.7000000000004292 4.06491128978578509
67.8000000000004235 3.86979142360822159
67.9000000000004178 4.38786761255948665
68.0000000000004121 4.61488088826843335
68.1000000000004064 4.45290487652592315
68.2000000000004007 4.4314861224204769
68.3000000000003951 4.30596046184527026
68.4000000000003894 4.44960860923731882
68.5000000000003837 4.00480274835303618
68.600000000000378 4.52808274760116181
68.7000000000003723 4.34975354503802958
68.8000000000003666 4.48045361605007386
68.900000000000361 3.87440502634808315
69.0000000000003553 4.33520227089575005
69.1000000000003496 4.67994933938530444
69.2000000000003439 4.17340939882419448
69.3000000000003382 3.9535749835526266
69.4000000000003325 4.37112783179108799
69.5000000000003268 4.43228250171344662
69.6000000000003212 4.17822661952364971
69.7000000000003155 4.59593295942615665
69.8000000000003098 4.17777404244078454
69.9000000000003041 4.43486612631537103
70.0000000000002984 4.47764413530335226
70.1000000000002927 4.17551121114168744
70.2000000000002871 4.17646097940637961
70.3000000000002814 4.79956143963181425
70.4000000000002757 3.90673720862506357
70.50000000000027 4.49599470163091564
70.6000000000002643 4.7766178621264288
70.7000000000002586 4.77799593163905101
70.800000000000253 3.9955079040585133
70.9000000000002473 4.81617282429357019
71.0000000000002416 4.56554141802895241
71.1000000000002359 4.02285492385937538
71.2000000000002302 4.83784267168488924
71.3000000000002245 4.0072270642889416
71.4000000000002188 4.15733393420609065
71.5000000000002132 4.14507157391402448
71.6000000000002075 4.43996211702322707
71.7000000000002018 4.10747959633098603
71.8000000000001961 4.02914599557323161
71.9000000000001904 4.20754031654168337
72.0000000000001847 4.75148795740370566
72.1000000000001791 4.29022781891187854
72.2000000000001734 4.42284890943833542
72.3000000000001677 4.54597874100915966
72.400000000000162 4.33225216471530317
72.5000000000001563 4.01028982488233954
72.6000000000001506 4.14026181641068103
72.700000000000145 4.05756290484434867
72.8000000000001393 4.35797329445882831
72.9000000000001336 4.84488580832064031
73.0000000000001279 4.81005848758180576
73.1000000000001222 4.84796108382512347
73.2000000000001165 4.41792500103984498
73.3000000000001108 4.29448040762568706
73.4000000000001052 4.95447880791493578
73.5000000000000995 4.87739095816135837
73.6000000000000938 4.3077217392395788
73.7000000000000881 4.55921098477317432
73.8000000000000824 4.93396994578279635
73.9000000000000767 4.99632523481085578
74.0000000000000711 4.77034665180548956
74.1000000000000654 4.05652684067737201
74.2000000000000597 4.59788220859724639
74.300000000000054 4.51147070587352506
74.4000000000000483 4.88854664310673037
74.5000000000000426 4.19566436660467179
74.600000000000037 4.21934458447777327
74.7000000000000313 4.17264574301173052
74.8000000000000256 4.58171963880332989
74.9000000000000199 4.67458313158862371
75.0000000000000142 4.04244496990945734
75.1000000000000085 4.22118122784833094
75.2000000000000028 4.41041903148148595
75.2999999999999972 4.31498790579973601
75.3999999999999915 4.51984008334458931
75.4999999999999858 4.89046991829746247
75.5999999999999801 4.64160031221093927
75.6999999999999744 4.20106161982690729
75.7999999999999687 5.06892006470567846
75.899999999999963 4.49928925078670883
75.9999999999999574 4.27773488798393498
76.0999999999999517 4.63753425983086931
76.199999999999946 4.92465276075112612
76.2999999999999403 5.02852257833280447
76.3999999999999346 4.50291608499881058
76.4999999999999289 4.19271269853356721
76.5999999999999233 4.41723269626836057
76.6999999999999176 4.82190384443654096
76.7999999999999119 4.74908233775474464
76.8999999999999062 4.84209646201088173
76.9999999999999005 4.75265973106270945
77.0999999999998948 4.80141069276602384
77.1999999999998892 4.33548256392768749
77.2999999999998835 4.97820443225956666
77.3999999999998778 5.12437240271374428
77.4999999999998721 4.337931012600869
77.5999999999998664 4.38450872500090938
77.6999999999998607 4.80223748551270546
77.799999999999855 4.73406095507424496
77.8999999999998494 4.6678279200133348
77.9999999999998437 4.4670205726270078
78.099999999999838 4.36320206628135665
78.1999999999998323 5.04978505249029741
78.2999999999998266 4.49602817476574046
78.3999999999998209 5.18028758070156492
78.4999999999998153 4.26011969710341809
78.5999999999998096 4.37952117972438959
78.6999999999998039 5.17625903290685407
78.7999999999997982 4.61167306313194914
78.8999999999997925 4.7729474239840135
78.9999999999997868 4.58826472756659687
79.0999999999997812 4.60905853505316276
79.1999999999997755 4.39118547728799236
79.2999999999997698 4.93783419751494357
79.3999999999997641 4.53681176412223586
79.4999999999997584 4.74818423034418569
79.5999999999997527 4.78602191312447633
79.699999999999747 4.83233818966392192
79.7999999999997414 4.57034549176745664
79.8999999999997357 4.35604533606409294
79.99999999999973 5.04022876796849406
80.0999999999997243 5.08623004622742592
80.1999999999997186 5.13495238976739365
80.2999999999997129 4.39878333292500834
80.3999999999997073 4.91260460696779955
80.4999999999997016 4.38350707494404901
80.5999999999996959 4.350193042554511
80.6999999999996902 5.22162599601038124
80.7999999999996845 5.11597020919929246
80.8999999999996788 4.47124336926821986
80.9999999999996732 5.11585265366772912
81.0999999999996675 4.39513986137974566
81.1999999999996618 5.11093079943967155
81.2999999999996561 4.94090086780706095
81.3999999999996504 5.08099624535584482
81.4999999999996447 4.87300612833908886
81.599999999999639 4.45725546560318886
81.6999999999996334 4.79772634942600984
81.7999999999996277 4.55345354385153378
81.899999999999622 4.85194499738381158
81.9999999999996163 4.67599876185417873
82.0999999999996106 4.58385936403156347
82.1999999999996049 5.17785855032501008
82.2999999999995993 4.47441344382402306
82.3999999999995936 5.3254894974047593
82.4999999999995879 4.57077609904220505
82.5999999999995822 4.96036879752902937
82.6999999999995765 5.26470142710452382
82.7999999999995708 4.74431171101072646
82.8999999999995652 5.28669418156117565
82.9999999999995595 4.96818929214954608
83.0999999999995538 4.93905153583439382
83.1999999999995481 4.66440283118116561
83.2999999999995424 5.39456341626723912
83.3999999999995367 4.78202614287879957
83.499999999999531 4.98042706854359718
83.5999999999995254 4.64739402211980668
83.6999999999995197 4.68626745904205677
83.799999999999514 4.52959487423001317
83.8999999999995083 5.11855355018635727
83.9999999999995026 5.04731771541845564
84.0999999999994969 4.70866142635509544
84.1999999999994912 5.07830842611523003
84.2999999999994856 4.6058586844133993
84.3999999999994799 4.95280732752516517
84.4999999999994742 5.28707044042927254
84.5999999999994685 4.71526983921002074
84.6999999999994628 4.92993574163733594
84.7999999999994571 5.31191416301194863
84.8999999999994515 4.9618741102126851
84.9999999999994458 5.39269462613093609
85.0999999999994401 5.35315538291759996
85.1999999999994344 5.19266650366896343
85.2999999999994287 5.10380194818384858
85.399999999999423 5.36688782845364365
85.4999999999994174 5.42005091969333552
85.5999999999994117 4.88249588345406416
85.699999999999406 5.22356472301984187
85.7999999999994003 4.80890075960161933
85.8999999999993946 5.32310200939462685
85.9999999999993889 5.27965554932857284
86.0999999999993832 4.74144674815865574
86.1999999999993776 4.71499243363714182
86.2999999999993719 4.76754178696423026
86.3999999999993662 4.77975610801187223
86.4999999999993605 5.23248410628880123
86.5999999999993548 5.19502067998808581
86.6999999999993491 4.72581243232375403
86.7999999999993435 4.61054335868919996
86.8999999999993378 4.91285380980095621
86.9999999999993321 4.96688794414570278
87.0999999999993264 5.22229417381986671
87.1999999999993207 5.31804331170859967
87.299999999999315 4.88309889723801405
87.3999999999993094 4.63516677437012436
87.4999999999993037 5.03893272768765055
87.599999999999298 4.85719939330453876
87.6999999999992923 5.39381446578139556
87.7999999999992866 5.08202999444182968
87.8999999999992809 4.98239017356969427
87.9999999999992752 5.49012683638712762
88.0999999999992696 5.14941963981290662
88.1999999999992639 5.0486105624986779
88.2999999999992582 5.10334426613086212
88.3999999999992525 5.4451092574371911
88.4999999999992468 5.41564047559271788
88.5999999999992411 4.73491611599940931
88.6999999999992355 5.00856118280994256
88.7999999999992298 5.03946241954872498
88.8999999999992241 5.44632880209528292
88.9999999999992184 4.99642320285570474
89.0999999999992127 5.1563667077505535
89.199999999999207 4.71939018166135416
89.2999999999992014 5.49524199804609204
89.3999999999991957 5.4654761987759839
89.49999999999919 4.77614085195474569
89.5999999999991843 5.21995763402652191
89.6999999999991786 5.42840870520322927
89.7999999999991729 4.6756159108651385
89.8999999999991672 4.80246090970372741
89.9999999999991616 4.79830641995203777
90.0999999999991559 4.70270547792859439
90.1999999999991502 5.0169628675252822
90.2999999999991445 4.96451795129101825
90.3999999999991388 5.24323724387051548
90.4999999999991331 5.22626936909451878
90.5999999999991275 5.1007802947034504
90.6999999999991218 4.92143175211414174
90.7999999999991161 5.11428456577798851
90.8999999999991104 5.36637145237223034
90.9999999999991047 4.86134177853285987
91.099999999999099 5.08408915817163987
91.1999999999990934 5.41340848208963621
91.2999999999990877 5.12037628094927744
91.399999999999082 5.4732286144150093
91.4999999999990763 5.51413088801283458
91.5999999999990706 5.64242879296020661
91.6999999999990649 5.21541228272360691
91.7999999999990592 4.91218184259042534
91.8999999999990536 5.04071177118825986
91.9999999999990479 4.94932625611715871
92.0999999999990422 5.65237809202244446
92.1999999999990365 4.73763397024631328
92.2999999999990308 5.4856594232491247
92.3999999999990251 4.81653602725497709
92.4999999999990194 4.95990981789451713
92.5999999999990138 5.42504538020974181
92.6999999999990081 5.63765635734451287
92.7999999999990024 5.49435828703945273
92.8999999999989967 5.17393424902447485
92.999999999998991 5.32617042627527049
93.0999999999989853 5.3660705324652902
93.1999999999989797 5.13261105477093871
93.299999999998974 5.30843299531856694
93.3999999999989683 5.0853782152161271
93.4999999999989626 5.0150593383838542
93.5999999999989569 5.31365018875575235
93.6999999999989512 4.83304256621077677
93.7999999999989456 5.09015307552814811
93.8999999999989399 4.96857201733896581
93.9999999999989342 5.43988157343497392
94.0999999999989285 5.42311538573866692
94.1999999999989228 5.28389971295574856
94.2999999999989171 5.02687552251491709
94.3999999999989114 5.17889049331988627
94.4999999999989058 4.99786674443816192
94.5999999999989001 5.41917805284912202
94.6999999999988944 4.98522881336420998
94.7999999999988887 4.91931319378320531
94.899999999998883 4.81223268810638949
94.9999999999988773 5.57949276940174865
95.0999999999988717 5.55533058782280165
95.199999999998866 4.94057562875510126
95.2999999999988603 5.11806384348153731
95.3999999999988546 5.5477625018171306
95.4999999999988489 5.52016545146674353
95.5999999999988432 4.74962439537279035
95.6999999999988376 5.66028018088841023
95.7999999999988319 5.34959375745334498
95.8999999999988262 4.76287352365875538
95.9999999999988205 4.78777485563213379
96.0999999999988148 5.02361171389807559
96.1999999999988091 5.04948450199372534
96.2999999999988034 5.56026848073293589
96.3999999999987978 5.46080144508936183
96.4999999999987921 5.59555013604956919
96.5999999999987864 5.6280824366915283
96.6999999999987807 5.28162903626534863
96.799999999998775 5.19539516866054196
96.8999999999987693 5.66113639468119612
96.9999999999987637 5.51862296273599995
97.099999999998758 5.38338885847778936
97.1999999999987523 4.97511328356595772
97.2999999999987466 4.8952092019184299
97.3999999999987409 5.13067183278670136
97.4999999999987352 5.34034992482142545
97.5999999999987296 5.55894616946595299
97.6999999999987239 5.26773948286483762
97.7999999999987182 5.4392974897223727
97.8999999999987125 4.90404431378645
97.9999999999987068 5.33562638583420856
98.0999999999987011 5.12787576104180598
98.1999999999986954 5.46779809264992878
98.2999999999986898 4.82886943398315438
98.3999999999986841 5.51680491661369388
98.4999999999986784 4.98232548112215312
98.5999999999986727 5.24210823021850025
98.699999999998667 4.95662169053916024
98.7999999999986613 5.12221960219982897
98.8999999999986557 5.2336972690019552
98.99999999999865 5.54501032128264537
99.0999999999986443 5.30005358885671907
99.1999999999986386 4.95998075879456923
99.2999999999986329 4.89442912925410045
99.3999999999986272 5.54827570295804318
99.4999999999986216 5.51607927577319757
99.5999999999986159 5.55509898517432532
99.6999999999986102 5.04192758000626107
99.7999999999986045 5.15086040611212059
99.8999999999985988 4.90925351816696143
99.9999999999985931 5.72938015691367575
100.099999999998587 5.53054272528500856
100.199999999998582 5.60128061833113211
100.299999999998576 4.85614911904994795
100.39999999999857 5.28581260810596198
100.499999999998565 5.22600426486693159
100.599999999998559 5.73229283440428006
100.699999999998553 5.29125777118726948
100.799999999998548 5.00057150062082911
100.899999999998542 4.77794344167655449
100.999999999998536 4.88600369436444293
101.099999999998531 5.6450393482831549
101.199999999998525 4.87576538093777057
101.299999999998519 5.69612592676986829
101.399999999998514 5.35753450912404894
101.499999999998508 5.37474463377150968
101.599999999998502 5.35604992459370433
101.699999999998496 5.24602064194122164
101.799999999998491 4.93536547374356882
101.899999999998485 4.97863648724828423
101.999999999998479 4.9622338682814684
102.099999999998474 5.42932951999018432
102.199999999998468 4.86648456836897303
102.299999999998462 5.13423444858172395
102.399999999998457 5.54500212963504691
102.499999999998451 5.06510320268391556
102.599999999998445 5.32446614687338382
102.69999999999844 5.35120777973543493
102.799999999998434 5.11188111473616136
102.899999999998428 4.73706767644937088
102.999999999998423 5.20860421323697498
103.099999999998417 5.27954194433802826
103.199999999998411 4.9305712133756936
103.299999999998406 5.12278684582852062
103.3999999999984 4.85222538569797557
103.499999999998394 5.56360352503189315
103.599999999998388 5.36177148210218402
103.699999999998383 4.97028604472851221
103.799999999998377 4.96830654870642707
103.899999999998371 4.88272857863244081
103.999999999998366 5.62462151508845221
104.09999999999836 4.73776148549752829
104.199999999998354 4.91052219271111046
104.299999999998349 5.56895942912793096
104.399999999998343 5.4478855028461135
104.499999999998337 5.66200064585577945
104.599999999998332 5.07784644180878431
104.699999999998326 4.94255489854869268
104.79999999999832 5.31000347881651624
104.899999999998315 4.77113859370985516
104.999999999998309 5.04083476928363261
105.099999999998303 5.25589897573333431
105.199999999998298 4.72113475386534809
105.299999999998292 5.10737524987735458
105.399999999998286 4.71771040106351691
105.49999999999828 4.88643292301819621
105.599999999998275 4.75031853870685694
105.699999999998269 5.1752785887474122
105.799999999998263 5.67838040711832992
105.899999999998258 5.16923582087503686
105.999999999998252 4.75087675428234402
106.099999999998246 5.38129877690145797
106.199999999998241 5.4045064808244625
106.299999999998235 5.00987855052061981
106.399999999998229 4.98718403011626954
106.499999999998224 4.98011824971722028
106.599999999998218 5.08375540631806011
106.699999999998212 5.16817621452055853
106.799999999998207 5.61592989067200588
106.899999999998201 4.79346272597768053
106.999999999998195 5.26635421385844804
107.09999999999819 4.8534639954084744
107.199999999998184 5.2249981297279513
107.299999999998178 4.71699816050535325
107.399999999998172 5.46207502322177696
107.499999999998167 5.02202145234016672
107.599999999998161 4.88308837279338626
107.699999999998155 4.78093863484096193
107.79999999999815 5.50577457514362134
107.899999999998144 5.51727025580123165
107.999999999998138 5.40320482758217135
108.099999999998133 5.27999018598426151
108.199999999998127 5.26961345082795596
108.299999999998121 4.94337036038519617
108.399999999998116 5.27313722256102935
108.49999999999811 5.23825557321343549
108.599999999998104 5.05007997953861487
108.699999999998099 4.91283961565796101
108.799999999998093 5.45605893358787686
108.899999999998087 5.22472498299819765
108.999999999998082 4.70794383428802377
109.099999999998076 5.05882181512301177
109.19999999999807 5.0143672986543395
109.299999999998064 5.28497767202041846
109.399999999998059 5.3892643156367237
109.499999999998053 4.95262818330060206
109.599999999998047 5.25989112074533161
109.699999999998042 5.50471954831482169
109.799999999998036 5.40557832361588897
109.89999999999803 4.81717730093277474
109.999999999998025 4.88359035882724957
110.099999999998019 5.4707816905409965
110.199999999998013 5.60139301778377696
110.299999999998008 4.67695846832485618
110.399999999998002 5.26787300697509497
110.499999999997996 4.64520480539671166
110.599999999997991 5.28710816542578499
110.699999999997985 5.33514350683277883
110.799999999997979 4.93465416164756743
110.899999999997974 5.41803462318126972
110.999999999997968 5.56549317790652953
111.099999999997962 5.31847199850433938
111.199999999997956 4.83228227711793323
111.299999999997951 5.35445323151639396
111.399999999997945 4.62984383518115017
111.499999999997939 4.68053496388128654
111.599999999997934 4.91445760906725493
111.699999999997928 4.90187134723093809
111.799999999997922 5.36194369847180763
111.899999999997917 5.30408197796791381
111.999999999997911 5.21426784634535334
112.099999999997905 5.57260652641447773
112.1999999999979 5.30795521111415791
112.299999999997894 5.09297672437063653
112.399999999997888 5.36646593090369617
112.499999999997883 5.36777231264370336
112.599999999997877 4.86036548757741205
112.699999999997871 5.19442598761187568
112.799999999997866 5.28111506590324531
112.89999999999786 4.95800332338434302
112.999999999997854 5.22411179066044351
113.099999999997848 5.14210708362042723
113.199999999997843 5.4217259119991521
113.299999999997837 4.88664127457024033
113.399999999997831 5.49501169686527113
113.499999999997826 5.56081872839937041
113.59999999999782 4.89101097180308564
113.699999999997814 4.81100694336007262
113.799999999997809 4.92862294994814043
113.899999999997803 4.82328034487145452
113.999999999997797 5.27738116252285749
114.099999999997792 5.5473830690711381
114.199999999997786 5.22765800264736136
114.29999999999778 4.79970480790087173
114.399999999997775 4.96530957677799467
114.499999999997769 5.43533319228856993
114.599999999997763 5.4260782465860018
114.699999999997758 4.59076962748924711
114.799999999997752 5.3626874315888271
114.899999999997746 5.28698143214731076
114.99999999999774 4.69799293034651999
115.099999999997735 4.8846115701426811
115.199999999997729 5.24829720553568091
115.299999999997723 4.93687820178318404
115.399999999997718 5.16948776571342084
115.499999999997712 5.32846971840568795
115.599999999997706 5.19252796408378003
115.699999999997701 5.15807686194841963
115.799999999997695 4.56150822207906081
115.899999999997689 5.05560196855692023
115.999999999997684 4.75445787306851209
116.099999999997678 5.46004631278607278
116.199999999997672 5.24192250900681245
116.299999999997667 5.25809996646065336
116.399999999997661 4.90842890033479939
116.499999999997655 5.03404452375683675
116.59999999999765 5.01488924694485849
116.699999999997644 5.44622748156709147
116.799999999997638 4.90323870552343255
116.899999999997632 4.8615780017108996
116.999999999997627 4.7256548260830602
117.099999999997621 4.78490721905372407
117.199999999997615 5.5070747179963746
117.29999999999761 4.75157219709664869
117.399999999997604 5.50890545334449566
117.499999999997598 4.64798107009911821
117.599999999997593 5.34131540289221984
117.699999999997587 4.82187784829719401
117.799999999997581 5.25879888750244273
117.899999999997576 5.28086880027973748
117.99999999999757 4.75632371530221221
118.099999999997564 4.6907382640849411
118.199999999997559 4.64880086241283941
118.299999999997553 5.21225017607962116
118.399999999997547 5.45235774255646799
118.499999999997542 5.3938425441836646
118.599999999997536 4.77945119835151111
118.69999999999753 4.80539552950205451
118.799999999997524 4.79872353460935575
118.899999999997519 4.79258973792686138
118.999999999997513 5.28218460144475088
119.099999999997507 5.0897697607716168
119.199999999997502 4.5542951225122561
119.299999999997496 4.98918894100045041
119.39999999999749 5.45733115118117507
119.499999999997485 4.76353477911440315
119.599999999997479 5.44252672496133982
119.699999999997473 5.01422033025729252
119.799999999997468 4.77442147599216238
119.899999999997462 5.00757538160354354
119.999999999997456 4.7840821429073328
120.099999999997451 4.8022821365903523
120.199999999997445 4.81292161688755371
120.299999999997439 4.50167357005658619
120.399999999997434 5.14020634221369921
120.499999999997428 5.22134855585079904
120.599999999997422 5.47152257913278195
120.699999999997416 4.78345630597074578
120.799999999997411 4.66996422434911107
120.899999999997405 4.67146359779678111
120.999999999997399 5.02410957195302643
121.099999999997394 4.840741703481517
121.199999999997388 4.6544715850995777
121.299999999997382 4.51839587305812707
121.399999999997377 5.35053593624953905
121.499999999997371 4.57790866032966015
121.599999999997365 5.39124326128512799
121.69999999999736 5.37787931810175834
121.799999999997354 5.42032676031280403
121.899999999997348 4.54691492682113019
121.999999999997343 5.41178346546551836
122.099999999997337 5.01606485818217251
122.199999999997331 4.85743718351679643
122.299999999997326 5.08358861276410057
122.39999999999732 4.72554330861900862
122.499999999997314 5.38180800826095762
122.599999999997308 5.16419038797821273
122.699999999997303 4.73981813236687799
122.799999999997297 4.54337051077792697
122.899999999997291 5.03641741187896397
122.999999999997286 4.93252027816420302
123.09999999999728 4.65226558708014704
123.199999999997274 4.68357629960436839
123.299999999997269 4.99648931796440099
123.399999999997263 5.12064384843180154
123.499999999997257 5.23822858636667021
123.599999999997252 4.61374449688909927
123.699999999997246 4.75545299555986833
123.79999999999724 5.22328823848200674
123.899999999997235 5.35927550638132999
123.999999999997229 4.8314077929564716
124.099999999997223 4.99945208645105499
124.199999999997218 4.91359747671117653
124.299999999997212 4.84327918654412493
124.399999999997206 5.03671620895792405
124.4999999999972 5.28318689567964217
124.599999999997195 4.48484391144222183
124.699999999997189 5.00547406398855355
124.799999999997183 5.30022274703644047
124.899999999997178 4.68134261992272727
124.999999999997172 5.17006933001788838
125.099999999997166 4.5591617458676259
125.199999999997161 5.17891122834418294
125.299999999997155 5.18122851372095372
125.399999999997149 5.16778076573825729
125.499999999997144 5.05669001949962293
125.599999999997138 4.48359131889537643
125.699999999997132 5.33225299353740034
125.799999999997127 4.95182599262450918
125.899999999997121 4.75133030033560111
125.999999999997115 5.15078574323642702
126.09999999999711 5.4178596796291778
126.199999999997104 5.19357370799087636
126.299999999997098 4.52067851773056617
126.399999999997092 5.42223468591518554
126.499999999997087 5.16554937571364725
126.599999999997081 5.37452340280667418
126.699999999997075 5.24220443850018825
126.79999999999707 5.28514238073121057
126.899999999997064 4.76061298641110664
126.999999999997058 4.91746991983027915
127.099999999997053 4.76157442824493327
127.199999999997047 4.87629088774892239
127.299999999997041 4.67920037244582243
127.399999999997036 5.41434769949691042
127.49999999999703 5.34437265042346787
127.599999999997024 5.30314605805549544
127.699999999997019 4.60635014358728956
127.799999999997013 5.27887971354212038
127.899999999997007 5.25184570315724919
127.999999999997002 5.08508068624542897
128.09999999999701 4.45460538931365146
128.199999999997004 4.90215608634294941
128.299999999996999 4.83129569374829426
128.399999999996993 5.16783985061380324
128.499999999996987 5.24884034717932835
128.599999999996982 5.13926740395880266
128.699999999996976 5.26174675089218802
128.79999999999697 5.21437344104030931
128.899999999996965 5.3929230088689577
128.999999999996959 4.7051177108541955
129.099999999996953 4.84550997456852972
129.199999999996948 4.62516087454629332
129.299999999996942 4.58383866391992978
129.399999999996936 4.80754219428568241
129.49999999999693 4.48627182359115917
129.599999999996925 4.49115299850718408
129.699999999996919 5.3888993810959338
129.799999999996913 5.09585455633543116
129.899999999996908 4.74433094080067441
129.999999999996902 4.43245618150287513
130.099999999996896 5.25166442739412354
130.199999999996891 4.75294907357410068
130.299999999996885 4.60960841588194903
130.399999999996879 5.02588359178881472
130.499999999996874 4.44219662466871146
130.599999999996868 5.30908234433587989
130.699999999996862 4.88305648578955953
130.799999999996857 5.27449866337076756
130.899999999996851 5.21727964385402654
130.999999999996845 4.50545972358879077
131.09999999999684 4.80709067276429813
131.199999999996834 5.32227574966649986
131.299999999996828 5.20622123677032889
131.399999999996822 5.28575144538361297
131.499999999996817 5.33567035992417793
131.599999999996811 5.36700296473785077
131.699999999996805 4.78786740549593848
131.7999999999968 4.74366343286505465
131.899999999996794 5.18465280441364218
131.999999999996788 4.47455221207697296
132.099999999996783 4.97445250928951399
132.199999999996777 4.60468779582908017
132.299999999996771 4.55304558809495674
132.399999999996766 4.7476414009308181
132.49999999999676 5.06791030904664552
132.599999999996754 4.57015801581064185
132.699999999996749 5.1557825057661173
132.799999999996743 5.05221385014824964
132.899999999996737 5.10427094927523406
132.999999999996732 4.60173381868637499
133.099999999996726 4.9586478908899112
133.19999999999672 5.2545598795345434
133.299999999996714 4.85176887757448583
133.399999999996709 4.97444073477715953
133.499999999996703 4.75597437881913176
133.599999999996697 4.67230558869833423
133.699999999996692 4.87828670160268807
133.799999999996686 4.67638934643582349
133.89999999999668 4.4817391075033095
133.999999999996675 5.19239382337648259
134.099999999996669 4.95375998351932445
134.199999999996663 4.48329922310562878
134.299999999996658 4.89468335566269541
134.399999999996652 5.25918232922269535
134.499999999996646 4.80316797188747291
134.599999999996641 4.78595254383558899
134.699999999996635 5.02808061841565124
134.799999999996629 4.68578409304613963
134.899999999996624 4.97573527102281155
134.999999999996618 4.99870240723904136
135.099999999996612 4.54477812034596518
135.199999999996606 4.99177487148669385
135.299999999996601 5.34596944777598981
135.399999999996595 5.12716082888233693
135.499999999996589 4.8881367659970687
135.599999999996584 4.72039290711389636
135.699999999996578 4.51215957573553528
135.799999999996572 4.82319142609092744
135.899999999996567 4.8694945277805326
135.999999999996561 4.93835583193709393
136.099999999996555 5.10796071683889608
136.19999999999655 5.00533179016055829
136.299999999996544 5.08277827128666981
136.399999999996538 4.8714197583147234
136.499999999996533 4.79268934037967131
136.599999999996527 4.87277054596172743
136.699999999996521 5.28688901798551658
136.799999999996516 5.37880555725110288
136.89999999999651 4.43595467939952393
136.999999999996504 4.89100409892602794
137.099999999996498 4.64648564530691477
137.199999999996493 4.71961732406958312
137.299999999996487 4.76225102445372794
137.399999999996481 5.07729806940343131
137.499999999996476 4.47179202408887821
137.59999999999647 4.81437803145135312
137.699999999996464 4.4711359547397711
137.799999999996459 4.66407841438005555
137.899999999996453 4.84805259338390737
137.999999999996447 4.95480736982967596
138.099999999996442 4.59861950657890439
138.199999999996436 4.96837723654642627
138.29999999999643 5.29526137261336061
138.399999999996425 4.66496677512978941
138.499999999996419 4.63538927924099653
138.599999999996413 5.04545828070670943
138.699999999996407 5.34878941106050298
138.799999999996402 5.16689664384520952
138.899999999996396 4.6674964781035353
138.99999999999639 4.45474711751987229
139.099999999996385 4.70153567469329214
139.199999999996379 4.65387073544162089
139.299999999996373 4.55512789513610539
139.399999999996368 5.21619101456423451
139.499999999996362 5.29822637030849819
139.599999999996356 5.32439276208005641
139.699999999996351 4.9150888267021422
139.799999999996345 4.78517349471731457
139.899999999996339 4.52248770698916669
139.999999999996334 4.8800601656515239
140.099999999996328 5.42262192867025661
140.199999999996322 4.62410858184339979
140.299999999996317 5.36731709486799602
140.399999999996311 4.94042008211574224
140.499999999996305 4.69818700882790541
140.599999999996299 4.69883973378173625
140.699999999996294 5.22957778118962224
140.799999999996288 4.57794249313712687
140.899999999996282 4.79482675659067858
140.999999999996277 4.97796846262871728
141.099999999996271 4.71914192366533758
141.199999999996265 4.92623556501165183
141.29999999999626 5.0517434100009373
141.399999999996254 4.763237642307943
141.499999999996248 4.62330710111421261
141.599999999996243 4.56462817487869632
141.699999999996237 4.82971136001004364
141.799999999996231 5.42909450342250377
141.899999999996226 4.91711126138510668
141.99999999999622 5.13224462421246486
142.099999999996214 5.39395069203888511
142.199999999996209 4.89955831538430431
142.299999999996203 4.46017110655450821
142.399999999996197 5.3746965395880526
142.499999999996191 4.96008666481188953
142.599999999996186 4.94051775581575736
142.69999999999618 4.77066891539563276
142.799999999996174 4.57651696071770076
142.899999999996169 4.66882012646017763
142.999999999996163 5.09558296721959625
143.099999999996157 5.01711280311466723
143.199999999996152 5.08246161575323896
143.299999999996146 5.00493386788999661
143.39999999999614 4.8436173009130794
143.499999999996135 5.11849541835053756
143.599999999996129 5.36080238385121621
143.699999999996123 4.9262599134130145
143.799999999996118 5.30607374822327138
143.899999999996112 4.59347607743500141
143.999999999996106 4.81173794499763829
144.099999999996101 4.71823274863554243
144.199999999996095 4.58226105894058655
144.299999999996089 4.54921133591036142
144.399999999996083 5.27404661708970846
144.499999999996078 5.33965348560416597
144.599999999996072 4.54066454702819033
144.699999999996066 4.95045899730251371
144.799999999996061 4.93310638027240866
144.899999999996055 4.77528996520575344
144.999999999996049 4.64444658358532791
145.099999999996044 5.05958055914750915
145.199999999996038 5.08340708852820278
145.299999999996032 4.66093779682021836
145.399999999996027 5.13925177706307323
145.499999999996021 4.68806709627021334
145.599999999996015 4.94867986851855335
145.69999999999601 5.19656733522483894
145.799999999996004 4.6814418407314049
145.899999999995998 4.650213581314107
145.999999999995993 4.51276870567640032
146.099999999995987 5.11318159474939105
146.199999999995981 5.23488514739697042
146.299999999995975 4.55956664252165478
146.39999999999597 5.06436921754914149
146.499999999995964 5.20901010068172621
146.599999999995958 4.81442597137126693
146.699999999995953 4.85877075876510744
146.799999999995947 4.90875961439205355
146.899999999995941 4.72066367792384867
146.999999999995936 5.40415841768939753
147.09999999999593 4.72343789182796847
147.199999999995924 5.44964884701252306
147.299999999995919 4.54487517689894283
147.399999999995913 5.12863003857995103
147.499999999995907 5.2306655559377786
147.599999999995902 4.59426694186579532
147.699999999995896 5.07645113671016368
147.79999999999589 4.50510013718690505
147.899999999995885 4.93282832455122389
147.999999999995879 5.18482252340336469
148.099999999995873 5.1780593855523982
148.199999999995867 5.35497775854486502
148.299999999995862 4.72726777439293944
148.399999999995856 4.90945252367546736
148.49999999999585 4.54747757837856348
148.599999999995845 4.70256436780927167
148.699999999995839 4.66250586674976919
148.799999999995833 4.89578907918951156
148.899999999995828 4.49792767182233799
148.999999999995822 4.73922621574359138
149.099999999995816 5.07160676602254412
149.199999999995811 4.94026861502659909
149.299999999995805 4.9171213363795907
149.399999999995799 4.68112139146580031
149.499999999995794 5.17331209553780091
149.599999999995788 5.07630811621865075
149.699999999995782 4.92064130585107939
149.799999999995777 5.09860656245684485
149.899999999995771 5.03157463062218202
149.999999999995765 4.93447358638893263
150.099999999995759 5.46528366404930832
150.199999999995754 5.04544840183402599
150.299999999995748 4.51411542894255646
150.399999999995742 5.09776569365912735
150.499999999995737 4.93798606877275503
150.599999999995731 5.06596470289260381
150.699999999995725 4.64062939811521868
150.79999999999572 5.40514760382635018
150.899999999995714 5.48596691305094275
150.999999999995708 4.90822018091915524
151.099999999995703 5.46126430058777945
151.199999999995697 4.90644000081381826
151.299999999995691 4.60370042366412591
151.399999999995686 4.52140196228053792
151.49999999999568 5.35599819579765502
151.599999999995674 4.92170829439912527
151.699999999995669 5.24235269694162831
151.799999999995663 4.66549976079254858
151.899999999995657 5.39554031961132452
151.999999999995651 5.40826701522437592
152.099999999995646 5.45730367184311937
152.19999999999564 5.21141574137263142
152.299999999995634 5.15438040104875572
152.399999999995629 4.58842639709261313
152.499999999995623 5.35938004032734483
152.599999999995617 4.95962907098120898
152.699999999995612 5.11661141629763261
152.799999999995606 4.54110614655525247
152.8999999999956 4.88542409501307695
152.999999999995595 4.55554015685645464
153.099999999995589 4.56515078002226993
153.199999999995583 5.21044139979545307
153.299999999995578 4.65382351413725459
153.399999999995572 4.82961957204752945
153.499999999995566 4.59498497397226924
153.599999999995561 5.03450586681252155
153.699999999995555 4.92062708381547242
153.799999999995549 4.64048666825148981
153.899999999995543 4.6410626128961816
153.999999999995538 5.14727716291267257
154.099999999995532 5.40187135761018222
154.199999999995526 5.04904287595927581
154.299999999995521 4.66146094776563658
154.399999999995515 4.85696932751164567
154.499999999995509 5.47774325341215107
154.599999999995504 5.40178469191636434
154.699999999995498 4.8664508063155445
154.799999999995492 4.85385753025482281
154.899999999995487 5.04420358764085552
154.999999999995481 4.65142135390380851
155.099999999995475 4.63408497090615157
155.19999999999547 5.35071996446066489
155.299999999995464 5.02769654676967281
155.399999999995458 4.9929222028455591
155.499999999995453 5.00293499371286376
155.599999999995447 5.10902192789341747
155.699999999995441 5.3285700961818474
155.799999999995435 4.64311873224807048
155.89999999999543 4.88260144924988015
155.999999999995424 5.0539670908711587
156.099999999995418 4.70883232636334359
156.199999999995413 5.34198632497834502
156.299999999995407 4.8726226242338182
156.399999999995401 4.93154095171539097
156.499999999995396 4.88986873643879427
156.59999999999539 4.9037306773866387
156.699999999995384 5.33040664479356963
156.799999999995379 5.21067147954845655
156.899999999995373 4.87574545505687507
156.999999999995367 4.89580391078019161
157.099999999995362 5.07881204103279416
157.199999999995356 5.18363194444518438
157.29999999999535 5.26772339863151018
157.399999999995345 5.273975370254397
157.499999999995339 4.89400174895145224
157.599999999995333 4.96781093494520398
157.699999999995327 5.08560836694537244
157.799999999995322 4.55158211088790043
157.899999999995316 4.66419554973291817
157.99999999999531 4.86197456293247487
158.099999999995305 5.36156207612224556
158.199999999995299 4.83108407130820083
158.299999999995293 4.85994594640322841
158.399999999995288 5.2601458558886014
158.499999999995282 5.52199912897481404
158.599999999995276 4.77604893463433555
158.699999999995271 4.70656247786908022
158.799999999995265 5.07622633652655875
158.899999999995259 5.32319492273453587
158.999999999995254 5.35169167680331093
159.099999999995248 5.1993094703412357
159.199999999995242 5.38248478981148626
159.299999999995237 4.85622949417024063
159.399999999995231 4.91209380228692893
159.499999999995225 4.85200222614999088
159.599999999995219 4.71503821737521811
159.699999999995214 4.88689230210213843
159.799999999995208 4.96222726720568552
159.899999999995202 4.81962664995938805
159.999999999995197 5.24944997933122437
160.099999999995191 4.54617294731791155
160.199999999995185 4.67290808984643569
160.29999999999518 4.78560731238686454
160.399999999995174 4.79957012349666456
160.499999999995168 5.13696282989758313
160.599999999995163 4.97680464859048666
160.699999999995157 4.75434895103499233
160.799999999995151 5.34274290202818403
160.899999999995146 4.57259274395379212
160.99999999999514 4.8236256672587734
161.099999999995134 4.63967640894196265
161.199999999995129 5.52450647547812856
161.299999999995123 4.71283140979414306
161.399999999995117 4.92261288788075291
161.499999999995111 5.28979801045743869
161.599999999995106 5.34590980427775886
161.6999999999951 4.61296994351220135
161.799999999995094 5.05046343089358896
161.899999999995089 5.33941737455034104
161.999999999995083 4.98657172765405043
162.099999999995077 5.45161726401370839
162.199999999995072 4.7528068427781891
162.299999999995066 5.02961866555510895
162.39999999999506 5.46660722998657889
162.499999999995055 4.65283143748449657
162.599999999995049 5.01736183113855461
162.699999999995043 4.88615028136288831
162.799999999995038 4.60054589461095009
162.899999999995032 5.46821195930656057
162.999999999995026 5.24689768723088523
163.099999999995021 4.89673197906406532
163.199999999995015 5.44636754507515342
163.299999999995009 5.03457797342862445
163.399999999995003 4.61012539594875737
163.499999999994998 4.57801043804844543
163.599999999994992 5.20278007385513952
163.699999999994986 4.67285742919750469
163.799999999994981 4.5986434332706585
163.899999999994975 5.07278826056934928
163.999999999994969 5.2578644585358516
164.099999999994964 4.94381217565646303
164.199999999994958 5.36806325117604111
164.299999999994952 5.16815140977774323
164.399999999994947 4.84221196546381716
164.499999999994941 4.72622399331663345
164.599999999994935 5.19143945003595952
164.69999999999493 4.87512008523246188
164.799999999994924 5.48967854087732743
164.899999999994918 5.33316656340752715
164.999999999994913 5.10312963848427348
165.099999999994907 4.96044803589247252
165.199999999994901 5.25888138952012341
165.299999999994895 5.43198837461250594
165.39999999999489 4.56120898077526249
165.499999999994884 4.57119531059699202
165.599999999994878 5.41856274074437572
165.699999999994873 5.28363156729497607
165.799999999994867 4.70656443163338878
165.899999999994861 4.84269944603917235
165.999999999994856 5.0499458021086383
166.09999999999485 4.56691171522095907
166.199999999994844 4.54679365860083085
166.299999999994839 5.13057009223893168
166.399999999994833 4.76920790047632082
166.499999999994827 4.8033835447835429
166.599999999994822 5.14303365188825001
166.699999999994816 5.2573320755203774
166.79999999999481 5.5231958106200949
166.899999999994805 5.14841759173460289
166.999999999994799 4.62784402173415188
167.099999999994793 4.91434189899912965
167.199999999994787 5.16150827133750845
167.299999999994782 5.06411279542902371
167.399999999994776 4.63226998327803319
167.49999999999477 5.1096026805847119
167.599999999994765 5.23807068908292983
167.699999999994759 5.13967003058651262
167.799999999994753 5.45021002895237849
167.899999999994748 5.3021025285030321
167.999999999994742 5.24532702912082094
168.099999999994736 5.07485157657596275
168.199999999994731 5.01821328839840763
168.299999999994725 4.61330135434381905
168.399999999994719 5.23417389420515278
168.499999999994714 4.5921515242271429
168.599999999994708 4.53883157591032926
168.699999999994702 5.25639112363772121
168.799999999994697 5.52276179078963647
168.899999999994691 4.79330212017434132
168.999999999994685 5.32565112541268171
169.099999999994679 5.07395454396762346
169.199999999994674 4.94728858277329131
169.299999999994668 5.22574104873645506
169.399999999994662 5.19812901297520824
169.499999999994657 4.82464719061857306
169.599999999994651 4.85791013278568329
169.699999999994645 4.67466465133780673
169.79999999999464 5.50435926686951138
169.899999999994634 4.60952806977052987
169.999999999994628 4.81289313101602545
170.099999999994623 5.44629208347383909
170.199999999994617 4.59989366517159315
170.299999999994611 4.5786636192379957
170.399999999994606 4.67413511159013773
170.4999999999946 4.65796540922565594
170.599999999994594 5.36074222091420793
170.699999999994588 4.80863014676041622
170.799999999994583 4.55717665649913073
170.899999999994577 4.8007106333272036
170.999999999994571 5.05867835479277339
171.099999999994566 4.99153970584704165
171.19999999999456 4.83883078708343994
171.299999999994554 4.58988467078870688
171.399999999994549 4.6769737554284232
171.499999999994543 5.32621440917981026
171.599999999994537 5.17555454307574525
171.699999999994532 4.86953325407982529
171.799999999994526 5.49468792719160248
171.89999999999452 4.75213417957758466
171.999999999994515 5.23568774920604696
172.099999999994509 5.08608477787577318
172.199999999994503 5.51763742558942205
172.299999999994498 5.41678293852493464
172.399999999994492 4.59868396937206914
172.499999999994486 4.59700508136951669
172.59999999999448 5.08416978021984001
172.699999999994475 5.0170182322684731
172.799999999994469 5.024458648377923
172.899999999994463 4.83003816815294762
172.999999999994458 4.72386710529551035
173.099999999994452 5.40508929548355521
173.199999999994446 5.0459794412438228
173.299999999994441 5.05865786366977677
173.399999999994435 5.09730439774001098
173.499999999994429 4.59992855251399835
173.599999999994424 4.58822373008945217
173.699999999994418 5.30935541024269408
173.799999999994412 4.59498752285895584
173.899999999994407 5.09434155618728557
173.999999999994401 5.06662832859340018
174.099999999994395 4.66638799967718132
174.19999999999439 4.92359588758831102
174.299999999994384 5.09872036420752739
174.399999999994378 5.16815637403090378
174.499999999994372 4.98961324344416379
174.599999999994367 4.75765480132208918
174.699999999994361 5.11190535312831607
174.799999999994355 5.26810640689197918
174.89999999999435 4.81103458044353438
174.999999999994344 5.28476252432138072
175.099999999994338 4.95982046990738112
175.199999999994333 5.18578863808181367
175.299999999994327 4.92568262235039267
175.399999999994321 5.22249700370653969
175.499999999994316 5.1925069210448207
175.59999999999431 4.73219340370514274
175.699999999994304 4.94245743654566105
175.799999999994299 4.63512729703413751
175.899999999994293 5.4801802993064852
175.999999999994287 5.25277680743614894
176.099999999994282 4.81055676663258414
176.199999999994276 4.62825468346014546
176.29999999999427 5.39893614803392374
176.399999999994264 5.11848855047524864
176.499999999994259 5.08711519054043393
176.599999999994253 4.74950846249062675
176.699999999994247 4.74672896304213054
176.799999999994242 4.86816694909396741
176.899999999994236 5.46167921621657371
176.99999999999423 4.67342144032105455
177.099999999994225 5.28024963210617848
177.199999999994219 5.4554261397689352
177.299999999994213 4.8031433149078735
177.399999999994208 5.49861010376519843
177.499999999994202 5.51332631203762169
177.599999999994196 4.80316047190586026
177.699999999994191 4.74477189203229699
177.799999999994185 4.73538448177436244
177.899999999994179 4.96747374335142933
177.999999999994174 4.61879108815418782
178.099999999994168 4.57293219564131981
178.199999999994162 4.81191269454759851
178.299999999994156 5.01521600252401978
178.399999999994151 5.17337969231298711
178.499999999994145 4.93516316247369069
178.599999999994139 4.6770651902333622
178.699999999994134 5.20680769184282788
178.799999999994128 5.49773450482844428
178.899999999994122 4.6332052016008678
178.999999999994117 4.8280636692229022
179.099999999994111 4.72097856684766271
179.199999999994105 5.19863340588319645
179.2999999999941 4.51661591566433085
179.399999999994094 4.84105969603555675
179.499999999994088 5.33032660136398206
179.599999999994083 4.84828926607758071
179.699999999994077 5.24259675970480732
179.799999999994071 5.23276799879594545
179.899999999994066 5.02198449012804726
179.99999999999406 4.65018246470274477
180.099999999994054 5.41765563758331492
180.199999999994048 5.23127945630293389
180.299999999994043 5.1641845890037894
180.399999999994037 4.83438559560538916
180.499999999994031 5.38673043599376555
180.599999999994026 4.78417877269007352
180.69999999999402 4.85934729279105859
180.799999999994014 4.98550536064380267
180.899999999994009 4.68539849606675496
180.999999999994003 4.88209183967710825
181.099999999993997 4.87431785062481371
181.199999999993992 5.25636665073469711
181.299999999993986 4.92079702256400342
181.39999999999398 5.0257877864119882
181.499999999993975 5.2883766189646666
181.599999999993969 5.17056381449023483
181.699999999993963 4.59687943066281779
181.799999999993958 5.41496071690271297
181.899999999993952 4.7496477521740541
181.999999999993946 5.46700411444448253
182.09999999999394 5.14963263032977725
182.199999999993935 5.18681613503819161
182.299999999993929 4.9805313306882173
182.399999999993923 5.18956837086844214
182.499999999993918 5.20788024828275109
182.599999999993912 4.78258705719718691
182.699999999993906 4.92278392677000642
182.799999999993901 4.97501379317265613
182.899999999993895 4.84529678754023418
182.999999999993889 5.27010481244430906
183.099999999993884 4.6628726078524565
183.199999999993878 5.24224399889628856
183.299999999993872 5.33925772455685799
183.399999999993867 5.20054953031188028
183.499999999993861 5.02822737746693083
183.599999999993855 4.73607122028146232
183.69999999999385 4.70215054394384602
183.799999999993844 5.32750531616642231
183.899999999993838 5.49501705375555005
183.999999999993832 4.6285956984315515
184.099999999993827 5.00077171077306826
184.199999999993821 5.26644511415838323
184.299999999993815 4.79807358556650598
184.39999999999381 5.13132726505197834
184.499999999993804 5.22943458046323606
184.599999999993798 4.92277025775363608
184.699999999993793 5.38358980613075921
184.799999999993787 5.32117411177202104
184.899999999993781 5.25241324624671702
184.999999999993776 5.26652970784519248
185.09999999999377 4.59521562431855557
185.199999999993764 4.63342374704601845
185.299999999993759 5.08134732421531865
185.399999999993753 4.78194397844346852
185.499999999993747 5.23417765347405783
185.599999999993742 5.22484114063226546
185.699999999993736 4.50323267594334276
185.79999999999373 4.66985874994337458
185.899999999993724 4.88404727782636172
185.999999999993719 5.16000905564783707
186.099999999993713 4.82462306868609492
186.199999999993707 4.63125316996640191
186.299999999993702 5.14078215647504155
186.399999999993696 5.12403556819747319
186.49999999999369 5.24766777315199207
186.599999999993685 4.80992784177582511
186.699999999993679 4.63866616494832407
186.799999999993673 5.11475377457460123
186.899999999993668 5.14361009884630782
186.999999999993662 5.2224975002630476
187.099999999993656 4.51277277433190616
187.199999999993651 5.31753868603249913
187.299999999993645 5.23937186698455193
187.399999999993639 4.75381337550306782
187.499999999993634 4.68857686796637907
187.599999999993628 5.11586631112354251
187.699999999993622 5.4828488209734072
187.799999999993616 4.54594024387697271
187.899999999993611 5.1393399957111443
187.999999999993605 4.94073992560441422
188.099999999993599 5.10254197445709945
188.199999999993594 5.35881316675932862
188.299999999993588 5.00189406577268603
188.399999999993582 5.4121085299051126
188.499999999993577 5.12714989692700129
188.599999999993571 5.23069891676824472
188.699999999993565 5.19144847409495647
188.79999999999356 4.97540249415952474
188.899999999993554 5.38074693689225114
188.999999999993548 4.51658709157589566
189.099999999993543 4.9060456713096583
189.199999999993537 4.98631139079532115
189.299999999993531 4.71917238260911809
189.399999999993526 5.1326359152772083
189.49999999999352 5.16129016724410761
189.599999999993514 4.946929014680852
189.699999999993508 5.02325556036678211
189.799999999993503 4.58479772731438473
189.899999999993497 5.24597597298435314
189.999999999993491 5.34639059082671153
190.099999999993486 5.21450187032719992
190.19999999999348 5.10974915895491488
190.299999999993474 4.73923748049118831
190.399999999993469 5.30912716963960474
190.499999999993463 5.3088647599166725
190.599999999993457 5.00625099732069945
190.699999999993452 5.47984877976667573
190.799999999993446 5.00386220972611895
190.89999999999344 5.27422863476671555
190.999999999993435 4.9850627369658671
191.099999999993429 4.62829641356876298
191.199999999993423 4.51647534824398722
191.299999999993418 5.20722770720181494
191.399999999993412 5.11553681900086943
191.499999999993406 4.71225056967156153
191.5999999999934 4.63985835879839925
191.699999999993395 5.09502578227162406
191.799999999993389 4.6970175577604083
191.899999999993383 5.29605971066885317
191.999999999993378 4.7838882968809342
192.099999999993372 5.17768198132515955
192.199999999993366 5.13316975501274708
192.299999999993361 4.66489364131836215
192.399999999993355 4.95864283284863738
192.499999999993349 4.67672740312453605
192.599999999993344 4.63736200170794444
192.699999999993338 4.66416001342433706
192.799999999993332 4.53398277244079839
192.899999999993327 5.40557772249578417
192.999999999993321 5.3472296672625621
193.099999999993315 4.58481926825598585
193.19999999999331 5.22862676483096056
193.299999999993304 4.52740672651428255
193.399999999993298 5.17654257637836146
193.499999999993292 4.73522301649929567
193.599999999993287 4.53184319821170867
193.699999999993281 5.47610578822235627
193.799999999993275 5.48250237339256685
193.89999999999327 5.09010085573979776
193.999999999993264 4.51088428290978349
194.099999999993258 4.80595427787659446
194.199999999993253 5.37659457415722564
194.299999999993247 5.15732062547382508
194.399999999993241 4.70728732202908695
194.499999999993236 5.48562591172244396
194.59999999999323 5.25712030544524556
194.699999999993224 4.95304709964583889
194.799999999993219 4.5751681696191433
194.899999999993213 4.90215603829366131
194.999999999993207 4.89153273188068383
195.099999999993202 4.7259241167094066
195.199999999993196 4.66463187636661925
195.29999999999319 4.59049486223422587
195.399999999993184 5.12670317039090495
195.499999999993179 4.82090514720945151
195.599999999993173 4.50342552280751818
195.699999999993167 5.45427160564032398
195.799999999993162 5.05524189217821007
195.899999999993156 4.82335729888338971
195.99999999999315 4.87995824005767531
196.099999999993145 4.99339460692006387
196.199999999993139 5.21599861220862238
196.299999999993133 4.87406375927883051
196.399999999993128 4.98081341805923028
196.499999999993122 4.80411235716857377
196.599999999993116 5.15686766621546955
196.699999999993111 4.79574967588550827
196.799999999993105 4.5858781013407679
196.899999999993099 5.36716047405620689
196.999999999993094 5.43802287521551353
197.099999999993088 5.42175647377919212
197.199999999993082 5.27421457228886315
197.299999999993076 4.88961961322758842
197.399999999993071 4.90370709753535472
197.499999999993065 5.26748961077531064
197.599999999993059 5.34379912192879303
197.699999999993054 4.71610931720927162
197.799999999993048 4.80070146834590084
197.899999999993042 5.43526477009009579
197.999999999993037 4.8982530082122171
198.099999999993031 4.5749428018238234
198.199999999993025 5.0715993267027244
198.29999999999302 5.39317749050708084
198.399999999993014 5.30369060180968699
198.499999999993008 4.67486768010821052
198.599999999993003 4.90100983009018964
198.699999999992997 5.01862123404683658
198.799999999992991 4.96880971940585692
198.899999999992986 5.4180176237343618
198.99999999999298 5.34281625646724123
199.099999999992974 5.04707889113786212
199.199999999992968 5.15134914449535408
199.299999999992963 5.24469996192988397
199.399999999992957 4.60661399381284209
199.499999999992951 4.81681272328661336
199.599999999992946 5.24403833567727418
199.69999999999294 4.87564421789690794
199.799999999992934 5.33145321716904252
199.899999999992929 4.95007774324468297
199.999999999992923 4.74316432244634889
